import numpy as np

track = [[0., 0.612, 0.301, 0.866, 0.563, 0.327, 0.245, 0.443, 0.327, 0.248],
            [0.612, 0., 0.552, 0.439, 0.749, 0.491, 0.334, 0.35, 0.352, 0.303],
            [0.301, 0.552, 0., 0.282, 0.506, 0.823, 0.619, 0.282, 0.368, 0.42],
            [0.866, 0.439, 0.282, 0., 0.623, 0.347, 0.261, 0.844, 0.431, 0.286],
            [0.563, 0.749, 0.506, 0.623, 0., 0.755, 0.428, 0.601, 0.651, 0.441],
            [0.327, 0.491, 0.823, 0.347, 0.755, 0., 0.976, 0.391, 0.658, 0.758],
            [0.245, 0.334, 0.619, 0.261, 0.428, 0.976, 0., 0.302, 0.501, 1.01],
            [0.443, 0.35, 0.282, 0.844, 0.601, 0.391, 0.302, 0., 0.699, 0.368],
            [0.327, 0.352, 0.368, 0.431, 0.651, 0.658, 0.501, 0.699, 0., 0.775],
            [0.248, 0.303, 0.42, 0.286, 0.441, 0.758, 1.01, 0.368, 0.775, 0.]]

feromes = [[0.2, 0.2, 0.2, 0.2, 0.2, 0.2, 0.2, 0.2, 0.2, 0.2],
             [0.2, 0.2, 0.2, 0.2, 0.2, 0.2, 0.2, 0.2, 0.2, 0.2],
             [0.2, 0.2, 0.2, 0.2, 0.2, 0.2, 0.2, 0.2, 0.2, 0.2],
             [0.2, 0.2, 0.2, 0.2, 0.2, 0.2, 0.2, 0.2, 0.2, 0.2],
             [0.2, 0.2, 0.2, 0.2, 0.2, 0.2, 0.2, 0.2, 0.2, 0.2],
             [0.2, 0.2, 0.2, 0.2, 0.2, 0.2, 0.2, 0.2, 0.2, 0.2],
             [0.2, 0.2, 0.2, 0.2, 0.2, 0.2, 0.2, 0.2, 0.2, 0.2],
             [0.2, 0.2, 0.2, 0.2, 0.2, 0.2, 0.2, 0.2, 0.2, 0.2],
             [0.2, 0.2, 0.2, 0.2, 0.2, 0.2, 0.2, 0.2, 0.2, 0.2],
             [0.2, 0.2, 0.2, 0.2, 0.2, 0.2, 0.2, 0.2, 0.2, 0.2]]




alfa = 1
beta = 4

distance = np.array(track)
feromones = np.array(feromes)
route = np.array(track)
route2 = route